	ALS	Frontotemporal Dementia	Dementia, Vascular	Muscle Weakness	Neuromuscular Diseases	Polyneuropathies	Diabetic Neuropathies
ALS	0.000173292356966272	7.74885158522158e-13	0.0370583416988528	1.41311016710509e-17	1.86969023610047e-149	1.05070561475433e-09	0.0428151740340668
Frontotemporal Dementia	7.74885158522158e-13	5.54098379703756e-05	0.0104861519063337	0.00221372308157835	0.132004300722129	0.189323310590653	0.0681052308605863
Dementia, Vascular	0.0370583416988528	0.0104861519063337	0.034386569412744	0.66753941445243	0.350949116137384	0.45451861449589	0.00250272539333874
Muscle Weakness	1.41311016710509e-17	0.00221372308157835	0.66753941445243	0.00802903952849521	4.67963857743773e-18	3.77932351306562e-32	0.0103873396356897
Neuromuscular Diseases	1.86969023610047e-149	0.132004300722129	0.350949116137384	4.67963857743773e-18	1.99271997318983e-11	5.11490202993355e-26	0.000499006096514787
Polyneuropathies	1.05070561475433e-09	0.189323310590653	0.45451861449589	3.77932351306562e-32	5.11490202993355e-26	0.104252367236439	0.0524923830697159
Diabetic Neuropathies	0.0428151740340668	0.0681052308605863	0.00250272539333874	0.0103873396356897	0.000499006096514787	0.0524923830697159	0.321394239724662
