	ALS	Frontotemporal Dementia	Dementia, Vascular	Muscle Weakness	Neuromuscular Diseases	Polyneuropathies	Diabetic Neuropathies
ALS	0	-0.264854860627755	-0.0541520119225039	-0.321280748663102	-0.545192449037284	-0.212685461749466	-0.0202325798379916
Frontotemporal Dementia	-0.264854860627755	0	-0.134874837337512	-0.173990338532025	0.0935637408884058	-0.0753517661746348	0.0876225874430174
Dementia, Vascular	-0.0541520119225039	-0.134874837337512	0	-0.000424060765012335	0.200293255131965	-0.040925189685584	-0.218051447696139
Muscle Weakness	-0.321280748663102	-0.173990338532025	-0.000424060765012335	0	-0.0854490359795663	-0.463235294117647	-0.139018072982618
Neuromuscular Diseases	-0.545192449037284	0.0935637408884058	0.200293255131965	-0.0854490359795663	0	-0.210401491781869	0.0880055106443816
Polyneuropathies	-0.212685461749466	-0.0753517661746348	-0.040925189685584	-0.463235294117647	-0.210401491781869	0	-0.0909269226468854
Diabetic Neuropathies	-0.0202325798379916	0.0876225874430174	-0.218051447696139	-0.139018072982618	0.0880055106443816	-0.0909269226468854	0
